1.252441590901817818e+02
1.243548164227840971e+02
1.218387720817002560e+02
1.239256738440980286e+02
1.245284157389364310e+02
1.243400629290489405e+02
1.235339945608194228e+02
1.259899415229491240e+02
1.276102351862243864e+02
1.257933415636524046e+02
1.271271527231950529e+02
1.263940779719677181e+02
1.280291598786304803e+02
1.253722503983878909e+02
1.260953353971519562e+02
1.262005110946555391e+02
1.251974287191126933e+02
1.244346742025192185e+02
1.249546360442441966e+02
1.255672759093584716e+02
1.232183174427081269e+02
1.248181551672294631e+02
1.241425710820830375e+02
1.264082495005621070e+02
1.264627029659755522e+02
1.266051503183736031e+02
1.257007932980784091e+02
1.263549138541889363e+02
1.243681041427593073e+02
1.252135344398392220e+02
1.253842995616001446e+02
1.243360230091023766e+02
1.254333341034161151e+02
1.244315445783712306e+02
1.251774736976509246e+02
1.244400465685037886e+02
1.241841795551313226e+02
1.237221909778277364e+02
1.238697975388776484e+02
1.256190170509455726e+02
1.259646823604744696e+02
1.247257582123076673e+02
1.264692401621939410e+02
1.250742031802456893e+02
1.251117291001669827e+02
1.250347684520466487e+02
1.239325835664014619e+02
1.240850420368535367e+02
1.251757439394632456e+02
1.241630632289722485e+02
1.238534454043591921e+02
1.240049165175824157e+02
1.238701541022845305e+02
1.243277863542229369e+02
1.231215374097939304e+02
1.250871678724600429e+02
1.257568738289096189e+02
1.248171869686619573e+02
1.241948927135646130e+02
1.247278163263237758e+02
1.253520885035245840e+02
1.251794915784438587e+02
1.244241188195850469e+02
1.243525094898272556e+02
1.249741503003412930e+02
1.241755312604300912e+02
1.239692561117833804e+02
1.237221199556889246e+02
1.248683401407501208e+02
1.248690912645795379e+02
1.248896811257330057e+02
1.238906004522086590e+02
1.247873986038378149e+02
1.262252558889956902e+02
1.266089411931773157e+02
1.267341458942404131e+02
1.255900837585503780e+02
1.250822452968632490e+02
1.257072968794274175e+02
1.262763594406378758e+02
1.257949717172463835e+02
1.251228445401307283e+02
1.266504018111236149e+02
1.243359390764849906e+02
1.235542829615677363e+02
1.246710399344178910e+02
1.252430699184074570e+02
1.236114548831932609e+02
1.246976239333617826e+02
1.242080377014349608e+02
1.250158053376081710e+02
1.246602803483083335e+02
1.259419250075413004e+02
1.254735854156819670e+02
1.250418175498501938e+02
1.246780783337665639e+02
1.242681413346015518e+02
1.230843579249941087e+02
1.231039249976486758e+02
1.246295121123007874e+02
1.230377095533375496e+02
